Output:
   0 100.000125
   1 101.000211
   2 102.000350
   3 103.000570
   4 104.000909
   5 105.001421
   6 106.002181
   7 107.003283
   8 108.004849
   9 109.007031
  10 110.010009
  11 111.013991
  12 112.019209
  13 113.025910
  14 114.034342
  15 115.044741
  16 116.057312
  17 117.072205
  18 118.089501
  19 119.109188
  20 120.131156
  21 121.155182
  22 122.180943
  23 123.208018
  24 124.235913
  25 125.264087
  26 126.291982
  27 127.319057
  28 128.344818
  29 129.368844
  30 130.390812
  31 131.410499
  32 132.427795
  33 133.442688
  34 134.455259
  35 135.465658
  36 136.474090
  37 137.480791
  38 138.486009
  39 139.489991
  40 140.492969
  41 141.495151
  42 142.496717
  43 143.497819
  44 144.498579
  45 145.499091
  46 146.499430
  47 147.499650
  48 148.499789
  49 149.499875
  50 150.499928
  51 151.499959
  52 152.499977
  53 153.499988
  54 154.499993
  55 155.499997
  56 156.499998
  57 157.499999
  58 158.500000
  59 159.500000
  60 160.500000
  61 161.500000
  62 162.500000
  63 163.500000
  64 164.500000
  65 165.500000
  66 166.500000
  67 167.500000
  68 168.500000
  69 169.500000
  70 170.500000
  71 171.500000
  72 172.500000
  73 173.500000
  74 174.500000
  75 175.500000
  76 176.500000
  77 177.500000
  78 178.500000
  79 179.500000
  80 180.500000
  81 181.500000
  82 182.500000
  83 183.500000
  84 184.500000
  85 185.500000
  86 186.500000
  87 187.500000
  88 188.500000
  89 189.500000
  90 190.500000
  91 191.500000
  92 192.500000
  93 193.500000
  94 194.500000
  95 195.500000
  96 196.500000
  97 197.500000
  98 198.500000
  99 199.500000
 100 200.500000
 101 201.500000
 102 202.500000
 103 203.500000
 104 204.500000
 105 205.500000
 106 206.500000
 107 207.500000
 108 208.500000
 109 209.500000
 110 210.500000
 111 211.500000
 112 212.500000
 113 213.500000
 114 214.500000
 115 215.500000
 116 216.500000
 117 217.500000
 118 218.500001
 119 219.500001
 120 220.500003
 121 221.500005
 122 222.500009
 123 223.500016
 124 224.500029
 125 225.000037
 126 226.000064
 127 227.000110
 128 228.000183
 129 229.000301
 130 230.000484
 131 231.000764
 132 232.001185
 133 233.001805
 134 234.002701
 135 235.003971
 136 236.005737
 137 237.008149
 138 238.011379
 139 239.015626
 140 240.021106
 141 241.028048
 142 242.036678
 143 243.047211
 144 244.059829
 145 245.074665
 146 246.091788
 147 247.111186
 148 248.132753
 149 249.156287
 150 250.181487
 151 251.207967
 152 252.235270
 153 253.262891
 154 254.290303
 155 255.316991
 156 256.342477
 157 257.366349
 158 258.388277
 159 259.408028
 160 260.425472
 161 261.440577
 162 262.453399
 163 263.464068
 164 264.472769
 165 265.479722
 166 266.485168
 167 267.489346
 168 268.492487
 169 269.494801
 170 270.496469
 171 271.497648
 172 272.498463
 173 273.499016
 174 274.499382
 175 275.499619
 176 276.499770
 177 277.499864
 178 278.499922
 179 279.499956
 180 280.499975
 181 281.499987
 182 282.499993
 183 283.499996
 184 284.499998
 185 285.499999
 186 286.500000
 187 287.500000
 188 288.500000
 189 289.500000
 190 290.500000
 191 291.500000
 192 292.500000
 193 293.500000
 194 294.500000
 195 295.500000
 196 296.500000
 197 297.500000
 198 298.500000
 199 299.500000
 200 300.500000
 201 301.500000
 202 302.500000
 203 303.500000
 204 304.500000
 205 305.500000
 206 306.500000
 207 307.500000
 208 308.500000
 209 309.500000
 210 310.500000
 211 311.500000
 212 312.500000
 213 313.500000
 214 314.500000
 215 315.500000
 216 316.500000
 217 317.500000
 218 318.500000
 219 319.500000
 220 320.500000
 221 321.500000
 222 322.500000
 223 323.500000
 224 324.500000
 225 325.500000
 226 326.500000
 227 327.500000
 228 328.500000
 229 329.500000
 230 330.500000
 231 331.500000
 232 332.500000
 233 333.500000
 234 334.500000
 235 335.500000
 236 336.500000
 237 337.500000
 238 338.500000
 239 339.500000
 240 340.500000
 241 341.500001
 242 342.500001
 243 343.500002
 244 344.500004
 245 345.500008
 246 346.500015
 247 347.500027
 248 348.500048
 249 349.500084
 250 350.000106
 251 351.000180
 252 352.000300
 253 353.000488
 254 354.000780
 255 355.001224
 256 356.001883
 257 357.002844
 258 358.004216
 259 359.006136
 260 360.008768
 261 361.012307
 262 362.016970
 263 363.022993
 264 364.030621
 265 365.040090
 266 366.051616
 267 367.065370
 268 368.081464
 269 369.099928
 270 370.120701
 271 371.143615
 272 372.168401
 273 373.194692
 274 374.222038
 275 375.249929
 276 376.277824
 277 377.305182
 278 378.331493
 279 379.356303
 280 380.379244
 281 381.400044
 282 382.418535
 283 383.434651
 284 384.448424
 285 385.459962
 286 386.469439
 287 387.477070
 288 388.483092
 289 389.487751
 290 390.491284
 291 391.493910
 292 392.495822
 293 393.497186
 294 394.498140
 295 395.498794
 296 396.499233
 297 397.499521
 298 398.499707
 299 399.499824
 300 400.499897
 301 401.499940
 302 402.499966
 303 403.499981
 304 404.499990
 305 405.499995
 306 406.499997
 307 407.499999
 308 408.499999
 309 409.500000
 310 410.500000
 311 411.500000
 312 412.500000
 313 413.500000
 314 414.500000
 315 415.500000
 316 416.500000
 317 417.500000
 318 418.500000
 319 419.500000
 320 420.500000
 321 421.500000
 322 422.500000
 323 423.500000
 324 424.500000
 325 425.500000
 326 426.500000
 327 427.500000
 328 428.500000
 329 429.500000
 330 430.500000
 331 431.500000
 332 432.500000
 333 433.500000
 334 434.500000
 335 435.500000
 336 436.500000
 337 437.500000
 338 438.500000
 339 439.500000
 340 440.500000
 341 441.500000
 342 442.500000
 343 443.500000
 344 444.500000
 345 445.500000
 346 446.500000
 347 447.500000
 348 448.500000
 349 449.500000
 350 450.500000
 351 451.500000
 352 452.500000
 353 453.500000
 354 454.500000
 355 455.500000
 356 456.500000
 357 457.500000
 358 458.500000
 359 459.500000
 360 460.500000
 361 461.500000
 362 462.500000
 363 463.500000
 364 464.500000
 365 465.500000
 366 466.500000
 367 467.500000
 368 468.500001
 369 469.500002
 370 470.500004
 371 471.500007
 372 472.500012
 373 473.500022
 374 474.500040
 375 475.000051
 376 476.000087
 377 477.000148
 378 478.000246
 379 479.000400
 380 480.000639
 381 481.001001
 382 482.001538
 383 483.002320
 384 484.003436
 385 485.004995
 386 486.007132
 387 487.010005
 388 488.013792
 389 489.018687
 390 490.024897
 391 491.032625
 392 492.042064
 393 493.053378
 394 494.066692
 395 495.082077
 396 496.099534
 397 497.118992
 398 498.140300
 399 499.163227
 400 500.187474
 401 501.212681
 402 502.238446
 403 503.264343
 404 504.289944
 405 505.314839
 406 506.338657
 407 507.361076
 408 508.381840
 409 509.400764
 410 510.417735
 411 511.432709
 412 512.445709
 413 513.456812
 414 514.466138
 415 515.473843
 416 516.480101
 417 517.485097
 418 518.489016
 419 519.492037
 420 520.494323
 421 521.496022
 422 522.497262
 423 523.498148
 424 524.498771
 425 525.499199
 426 526.499488
 427 527.499679
 428 528.499803
 429 529.499881
 430 530.499930
 431 531.499959
 432 532.499977
 433 533.499987
 434 534.499993
 435 535.499996
 436 536.499998
 437 537.499999
 438 538.500000
 439 539.500000
 440 540.500000
 441 541.500000
 442 542.500000
 443 543.500000
 444 544.500000
 445 545.500000
 446 546.500000
 447 547.500000
 448 548.500000
 449 549.500000
 450 550.500000
 451 551.500000
 452 552.500000
 453 553.500000
 454 554.500000
 455 555.500000
 456 556.500000
 457 557.500000
 458 558.500000
 459 559.500000
 460 560.500000
 461 561.500000
 462 562.500000
 463 563.500000
 464 564.500000
 465 565.500000
 466 566.500000
 467 567.500000
 468 568.500000
 469 569.500000
 470 570.500000
 471 571.500000
 472 572.500000
 473 573.500000
 474 574.500000
 475 575.500000
 476 576.500000
 477 577.500000
 478 578.500000
 479 579.500000
 480 580.500000
 481 581.500000
 482 582.500000
 483 583.500000
 484 584.500000
 485 585.500000
 486 586.500000
 487 587.500000
 488 588.500000
 489 589.500000
 490 590.500000
 491 591.500000
 492 592.500001
 493 593.500002
 494 594.500004
 495 595.500007
 496 596.500012
 497 597.500022
 498 598.500040
 499 599.500069
 500 600.000087
 501 601.000148
 502 602.000245
 503 603.000398
 504 604.000635
 505 605.000994
 506 606.001528
 507 607.002306
 508 608.003418
 509 609.004978
 510 610.007123
 511 611.010016
 512 612.013846
 513 613.018819
 514 614.025157
 515 615.033084
 516 616.042813
 517 617.054533
 518 618.068391
 519 619.084477
 520 620.102804
 521 621.123303
 522 622.145809
 523 623.170068
 524 624.195737
 525 625.222398
 526 626.249584
 527 627.276794
 528 628.303526
 529 629.329305
 530 630.353704
 531 631.376367
 532 632.397026
 533 633.415506
 534 634.431725
 535 635.445692
 536 636.457490
 537 637.467268
 538 638.475214
 539 639.481549
 540 640.486501
 541 641.490296
 542 642.493148
 543 643.495248
 544 644.496765
 545 645.497838
 546 646.498583
 547 647.499088
 548 648.499425
 549 649.499644
 550 650.499784
 551 651.499872
 552 652.499925
 553 653.499957
 554 654.499976
 555 655.499987
 556 656.499993
 557 657.499996
 558 658.499998
 559 659.499999
 560 660.500000
 561 661.500000
 562 662.500000
 563 663.500000
 564 664.500000
 565 665.500000
 566 666.500000
 567 667.500000
 568 668.500000
 569 669.500000
 570 670.500000
 571 671.500000
 572 672.500000
 573 673.500000
 574 674.500000
 575 675.500000
 576 676.500000
 577 677.500000
 578 678.500000
 579 679.500000
 580 680.500000
 581 681.500000
 582 682.500000
 583 683.500000
 584 684.500000
 585 685.500000
 586 686.500000
 587 687.500000
 588 688.500000
 589 689.500000
 590 690.500000
 591 691.500000
 592 692.500000
 593 693.500000
 594 694.500000
 595 695.500000
 596 696.500000
 597 697.500000
 598 698.500000
 599 699.500000
 600 700.500000
 601 701.500000
 602 702.500000
 603 703.500000
 604 704.500000
 605 705.500000
 606 706.500000
 607 707.500000
 608 708.500000
 609 709.500000
 610 710.500000
 611 711.500000
 612 712.500000
 613 713.500000
 614 714.500000
 615 715.500000
 616 716.500001
 617 717.500001
 618 718.500002
 619 719.500005
 620 720.500009
 621 721.500016
 622 722.500029
 623 723.500052
 624 724.500091
 625 725.000115
 626 726.000194
 627 727.000321
 628 728.000522
 629 729.000831
 630 730.001299
 631 731.001991
 632 732.002996
 633 733.004424
 634 734.006415
 635 735.009134
 636 736.012775
 637 737.017553
 638 738.023701
 639 739.031458
 640 740.041052
 641 741.052690
 642 742.066533
 643 743.082682
 644 744.101157
 645 745.121889
 646 746.144707
 647 747.169341
 648 748.195428
 649 749.222528
 650 750.250145
 651 751.277753
 652 752.304827
 653 753.330875
 654 754.355460
 655 755.378222
 656 756.398897
 657 757.417319
 658 758.433421
 659 759.447228
 660 760.458839
 661 761.468418
 662 762.476169
 663 763.482320
 664 764.487107
 665 765.490760
 666 766.493494
 667 767.495501
 668 768.496944
 669 769.497962
 670 770.498666
 671 771.499143
 672 772.499460
 673 773.499666
 674 774.499797
 675 775.499879
 676 776.499930
 677 777.499960
 678 778.499977
 679 779.499988
 680 780.499993
 681 781.499997
 682 782.499998
 683 783.499999
 684 784.500000
 685 785.500000
 686 786.500000
 687 787.500000
 688 788.500000
 689 789.500000
 690 790.500000
 691 791.500000
 692 792.500000
 693 793.500000
 694 794.500000
 695 795.500000
 696 796.500000
 697 797.500000
 698 798.500000
 699 799.500000
 700 800.500000
 701 801.500000
 702 802.500000
 703 803.500000
 704 804.500000
 705 805.500000
 706 806.500000
 707 807.500000
 708 808.500000
 709 809.500000
 710 810.500000
 711 811.500000
 712 812.500000
 713 813.500000
 714 814.500000
 715 815.500000
 716 816.500000
 717 817.500000
 718 818.500000
 719 819.500000
 720 820.500000
 721 821.500000
 722 822.500000
 723 823.500000
 724 824.500000
 725 825.500000
 726 826.500000
 727 827.500000
 728 828.500000
 729 829.500000
 730 830.500000
 731 831.500000
 732 832.500000
 733 833.500000
 734 834.500000
 735 835.500000
 736 836.500000
 737 837.500000
 738 838.500000
 739 839.500000
 740 840.500000
 741 841.500001
 742 842.500001
 743 843.500002
 744 844.500004
 745 845.500008
 746 846.500015
 747 847.500026
 748 848.500047
 749 849.500081
 750 850.000103
 751 851.000173
 752 852.000288
 753 853.000468
 754 854.000746
 755 855.001167
 756 856.001792
 757 857.002701
 758 858.003995
 759 859.005803
 760 860.008277
 761 861.011599
 762 862.015970
 763 863.021610
 764 864.028748
 765 865.037608
 766 866.048395
 767 867.061278
 768 868.076372
 769 869.093725
 770 870.113299
 771 871.134966
 772 872.158503
 773 873.183598
 774 874.209858
 775 875.236833
 776 876.264031
 777 877.290954
 778 878.317116
 779 879.342074
 780 880.365451
 781 881.386948
 782 882.406355
 783 883.423557
 784 884.438526
 785 885.451314
 786 886.462038
 787 887.470867
 788 888.478001
 789 889.483659
 790 890.488064
 791 891.491428
 792 892.493949
 793 893.495803
 794 894.497140
 795 895.498086
 796 896.498742
 797 897.499188
 798 898.499486
 799 899.499681
 800 900.499805
 801 901.499884
 802 902.499932
 803 903.499961
 804 904.499978
 805 905.499988
 806 906.499993
 807 907.499997
 808 908.499998
 809 909.499999
 810 910.500000
 811 911.500000
 812 912.500000
 813 913.500000
 814 914.500000
 815 915.500000
 816 916.500000
 817 917.500000
 818 918.500000
 819 919.500000
 820 920.500000
 821 921.500000
 822 922.500000
 823 923.500000
 824 924.500000
 825 925.500000
 826 926.500000
 827 927.500000
 828 928.500000
 829 929.500000
 830 930.500000
 831 931.500000
 832 932.500000
 833 933.500000
 834 934.500000
 835 935.500000
 836 936.500000
 837 937.500000
 838 938.500000
 839 939.500000
 840 940.500000
 841 941.500000
 842 942.500000
 843 943.500000
 844 944.500000
 845 945.500000
 846 946.500000
 847 947.500000
 848 948.500000
 849 949.500000
 850 950.500000
 851 951.500000
 852 952.500000
 853 953.500000
 854 954.500000
 855 955.500000
 856 956.500000
 857 957.500000
 858 958.500000
 859 959.500000
 860 960.500000
 861 961.500000
 862 962.500000
 863 963.500000
 864 964.499999
 865 965.499999
 866 966.499997
 867 967.499995
 868 968.499990
 869 969.499979
 870 970.499960
 871 971.499925
 872 972.499861
 873 973.499748
 874 974.499551
 875 974.999426
 876 975.999003
 877 976.998303
 878 977.997163
 879 978.995345
 880 979.992503
 881 980.988141
 882 981.981576
 883 982.971878
 884 983.957815
 885 984.937797
 886 985.909814
 887 986.871395
 888 987.819575
 889 988.750892
 890 989.661410
 891 990.546787
 892 991.402376
 893 992.223375
 894 993.004998
 895 993.742687
 896 994.432323
 897 995.070437
 898 995.654402
 899 996.182576
 900 996.654402
 901 997.070437
 902 997.432323
 903 997.742687
 904 998.004998
 905 998.223375
 906 998.402376
 907 998.546787
 908 998.661410
 909 998.750892
 910 998.819575
 911 998.871395
 912 998.909814
 913 998.937797
 914 998.957815
 915 998.971878
 916 998.981576
 917 998.988141
 918 998.992503
 919 998.995345
 920 998.997163
 921 998.998303
 922 998.999003
 923 998.999426
 924 998.999676
 925 998.999820
 926 998.999902
 927 998.999948
 928 998.999973
 929 998.999986
 930 998.999993
 931 998.999997
 932 998.999998
 933 998.999999
 934 999.000000
 935 999.000000
 936 999.000000
 937 999.000000
 938 999.000000
 939 999.000000
 940 999.000000
 941 999.000000
 942 999.000000
 943 999.000000
 944 999.000000
 945 999.000000
 946 999.000000
 947 999.000000
 948 999.000000
 949 999.000000
 950 999.000000
 951 999.000000
 952 999.000000
 953 999.000000
 954 999.000000
 955 999.000000
 956 999.000000
 957 999.000000
 958 999.000000
 959 999.000000
 960 999.000000
 961 999.000000
 962 999.000000
 963 999.000000
 964 999.000000
 965 999.000000
 966 999.000000
 967 999.000000
 968 999.000000
 969 999.000000
 970 999.000000
 971 999.000000
 972 999.000000
 973 999.000000
 974 999.000000
 975 999.000000
 976 999.000000
 977 999.000000
 978 999.000000
 979 999.000000
 980 999.000000
 981 999.000000
 982 999.000000
 983 999.000000
 984 999.000000
 985 999.000000
 986 999.000000
 987 999.000000
 988 999.000000
 989 999.000000
 990 999.000000
 991 999.000000
 992 999.000000
 993 999.000000
 994 999.000000
 995 999.000000
 996 999.000000
 997 999.000000
 998 999.000000
 999 999.000000
