Output:
   0 100.000124
   1 101.000210
   2 102.000347
   3 103.000564
   4 104.000898
   5 105.001403
   6 106.002150
   7 107.003232
   8 108.004767
   9 109.006900
  10 110.009805
  11 111.013681
  12 112.018748
  13 113.025239
  14 114.033387
  15 115.043411
  16 116.055500
  17 117.069789
  18 118.086348
  19 119.105162
  20 120.126123
  21 121.149025
  22 122.173568
  23 123.199371
  24 124.225989
  25 125.252937
  26 126.279717
  27 127.305849
  28 128.330891
  29 129.354469
  30 130.376283
  31 131.396124
  32 132.413868
  33 133.429480
  34 134.442994
  35 135.454508
  36 136.464167
  37 137.472144
  38 138.478634
  39 139.483833
  40 140.487936
  41 141.491125
  42 142.493565
  43 143.495403
  44 144.496767
  45 145.497761
  46 146.498475
  47 147.498978
  48 148.499327
  49 149.499565
  50 150.499724
  51 151.499828
  52 152.499894
  53 153.499937
  54 154.499963
  55 155.499979
  56 156.499988
  57 157.499993
  58 158.499996
  59 159.499998
  60 160.499999
  61 161.499999
  62 162.500000
  63 163.500000
  64 164.500000
  65 165.500000
  66 166.500000
  67 167.500000
  68 168.500000
  69 169.500000
  70 170.500000
  71 171.500000
  72 172.500000
  73 173.500000
  74 174.500000
  75 175.500000
  76 176.500000
  77 177.500000
  78 178.500000
  79 179.500000
  80 180.500000
  81 181.500000
  82 182.500000
  83 183.500000
  84 184.500000
  85 185.500000
  86 186.500000
  87 187.500000
  88 188.500000
  89 189.500000
  90 190.500000
  91 191.500000
  92 192.500000
  93 193.500000
  94 194.500000
  95 195.500000
  96 196.500000
  97 197.500000
  98 198.500000
  99 199.500000
 100 200.500000
 101 201.500000
 102 202.500000
 103 203.500000
 104 204.500000
 105 205.500000
 106 206.500000
 107 207.500000
 108 208.500000
 109 209.500000
 110 210.500000
 111 211.500000
 112 212.500000
 113 213.500000
 114 214.500000
 115 215.500000
 116 216.500001
 117 217.500001
 118 218.500003
 119 219.500005
 120 220.500010
 121 221.500018
 122 222.500032
 123 223.500057
 124 224.500099
 125 225.000125
 126 226.000211
 127 227.000350
 128 228.000570
 129 229.000909
 130 230.001421
 131 231.002181
 132 232.003283
 133 233.004849
 134 234.007031
 135 235.010009
 136 236.013991
 137 237.019209
 138 238.025910
 139 239.034342
 140 240.044741
 141 241.057312
 142 242.072205
 143 243.089501
 144 244.109188
 145 245.131156
 146 246.155182
 147 247.180943
 148 248.208018
 149 249.235913
 150 250.264087
 151 251.291982
 152 252.319057
 153 253.344818
 154 254.368844
 155 255.390812
 156 256.410499
 157 257.427795
 158 258.442688
 159 259.455259
 160 260.465658
 161 261.474090
 162 262.480791
 163 263.486009
 164 264.489991
 165 265.492969
 166 266.495151
 167 267.496717
 168 268.497819
 169 269.498579
 170 270.499091
 171 271.499430
 172 272.499650
 173 273.499789
 174 274.499875
 175 275.499928
 176 276.499959
 177 277.499977
 178 278.499988
 179 279.499993
 180 280.499997
 181 281.499998
 182 282.499999
 183 283.500000
 184 284.500000
 185 285.500000
 186 286.500000
 187 287.500000
 188 288.500000
 189 289.500000
 190 290.500000
 191 291.500000
 192 292.500000
 193 293.500000
 194 294.500000
 195 295.500000
 196 296.500000
 197 297.500000
 198 298.500000
 199 299.500000
 200 300.500000
 201 301.500000
 202 302.500000
 203 303.500000
 204 304.500000
 205 305.500000
 206 306.500000
 207 307.500000
 208 308.500000
 209 309.500000
 210 310.500000
 211 311.500000
 212 312.500000
 213 313.500000
 214 314.500000
 215 315.500000
 216 316.500000
 217 317.500000
 218 318.500000
 219 319.500000
 220 320.500000
 221 321.500000
 222 322.500000
 223 323.500000
 224 324.500000
 225 325.500000
 226 326.500000
 227 327.500000
 228 328.500000
 229 329.500000
 230 330.500000
 231 331.500000
 232 332.500000
 233 333.500000
 234 334.500000
 235 335.500000
 236 336.500000
 237 337.500000
 238 338.500000
 239 339.500000
 240 340.500000
 241 341.500001
 242 342.500001
 243 343.500003
 244 344.500005
 245 345.500010
 246 346.500018
 247 347.500032
 248 348.500057
 249 349.500099
 250 350.000125
 251 351.000211
 252 352.000350
 253 353.000570
 254 354.000909
 255 355.001421
 256 356.002181
 257 357.003283
 258 358.004849
 259 359.007031
 260 360.010009
 261 361.013991
 262 362.019209
 263 363.025910
 264 364.034342
 265 365.044741
 266 366.057312
 267 367.072205
 268 368.089501
 269 369.109188
 270 370.131156
 271 371.155182
 272 372.180943
 273 373.208018
 274 374.235913
 275 375.264087
 276 376.291982
 277 377.319057
 278 378.344818
 279 379.368844
 280 380.390812
 281 381.410499
 282 382.427795
 283 383.442688
 284 384.455259
 285 385.465658
 286 386.474090
 287 387.480791
 288 388.486009
 289 389.489991
 290 390.492969
 291 391.495151
 292 392.496717
 293 393.497819
 294 394.498579
 295 395.499091
 296 396.499430
 297 397.499650
 298 398.499789
 299 399.499875
 300 400.499928
 301 401.499959
 302 402.499977
 303 403.499988
 304 404.499993
 305 405.499997
 306 406.499998
 307 407.499999
 308 408.500000
 309 409.500000
 310 410.500000
 311 411.500000
 312 412.500000
 313 413.500000
 314 414.500000
 315 415.500000
 316 416.500000
 317 417.500000
 318 418.500000
 319 419.500000
 320 420.500000
 321 421.500000
 322 422.500000
 323 423.500000
 324 424.500000
 325 425.500000
 326 426.500000
 327 427.500000
 328 428.500000
 329 429.500000
 330 430.500000
 331 431.500000
 332 432.500000
 333 433.500000
 334 434.500000
 335 435.500000
 336 436.500000
 337 437.500000
 338 438.500000
 339 439.500000
 340 440.500000
 341 441.500000
 342 442.500000
 343 443.500000
 344 444.500000
 345 445.500000
 346 446.500000
 347 447.500000
 348 448.500000
 349 449.500000
 350 450.500000
 351 451.500000
 352 452.500000
 353 453.500000
 354 454.500000
 355 455.500000
 356 456.500000
 357 457.500000
 358 458.500000
 359 459.500000
 360 460.500000
 361 461.500000
 362 462.500000
 363 463.500000
 364 464.500000
 365 465.500000
 366 466.500001
 367 467.500001
 368 468.500003
 369 469.500005
 370 470.500010
 371 471.500018
 372 472.500032
 373 473.500057
 374 474.500099
 375 475.000125
 376 476.000211
 377 477.000350
 378 478.000570
 379 479.000909
 380 480.001421
 381 481.002181
 382 482.003283
 383 483.004849
 384 484.007031
 385 485.010009
 386 486.013991
 387 487.019209
 388 488.025910
 389 489.034342
 390 490.044741
 391 491.057312
 392 492.072205
 393 493.089501
 394 494.109188
 395 495.131156
 396 496.155182
 397 497.180943
 398 498.208018
 399 499.235913
 400 500.264087
 401 501.291982
 402 502.319057
 403 503.344818
 404 504.368844
 405 505.390812
 406 506.410499
 407 507.427795
 408 508.442688
 409 509.455259
 410 510.465658
 411 511.474090
 412 512.480791
 413 513.486009
 414 514.489991
 415 515.492969
 416 516.495151
 417 517.496717
 418 518.497819
 419 519.498579
 420 520.499091
 421 521.499430
 422 522.499650
 423 523.499789
 424 524.499875
 425 525.499928
 426 526.499959
 427 527.499977
 428 528.499988
 429 529.499993
 430 530.499997
 431 531.499998
 432 532.499999
 433 533.500000
 434 534.500000
 435 535.500000
 436 536.500000
 437 537.500000
 438 538.500000
 439 539.500000
 440 540.500000
 441 541.500000
 442 542.500000
 443 543.500000
 444 544.500000
 445 545.500000
 446 546.500000
 447 547.500000
 448 548.500000
 449 549.500000
 450 550.500000
 451 551.500000
 452 552.500000
 453 553.500000
 454 554.500000
 455 555.500000
 456 556.500000
 457 557.500000
 458 558.500000
 459 559.500000
 460 560.500000
 461 561.500000
 462 562.500000
 463 563.500000
 464 564.500000
 465 565.500000
 466 566.500000
 467 567.500000
 468 568.500000
 469 569.500000
 470 570.500000
 471 571.500000
 472 572.500000
 473 573.500000
 474 574.500000
 475 575.500000
 476 576.500000
 477 577.500000
 478 578.500000
 479 579.500000
 480 580.500000
 481 581.500000
 482 582.500000
 483 583.500000
 484 584.500000
 485 585.500000
 486 586.500000
 487 587.500000
 488 588.500000
 489 589.500000
 490 590.500000
 491 591.500001
 492 592.500001
 493 593.500003
 494 594.500005
 495 595.500009
 496 596.500018
 497 597.500032
 498 598.500056
 499 599.500098
 500 600.000124
 501 601.000210
 502 602.000347
 503 603.000564
 504 604.000898
 505 605.001402
 506 606.002148
 507 607.003229
 508 608.004761
 509 609.006890
 510 610.009788
 511 611.013651
 512 612.018697
 513 613.025155
 514 614.033253
 515 615.043201
 516 616.055176
 517 617.069304
 518 618.085638
 519 619.104144
 520 620.124698
 521 621.147074
 522 622.170959
 523 623.195960
 524 624.221628
 525 625.247485
 526 626.273054
 527 627.297885
 528 628.321585
 529 629.343833
 530 630.364396
 531 631.383130
 532 632.399979
 533 633.414959
 534 634.428147
 535 635.439661
 536 636.449646
 537 637.458255
 538 638.465640
 539 639.471946
 540 640.477300
 541 641.481818
 542 642.485601
 543 643.488740
 544 644.491315
 545 645.493400
 546 646.495064
 547 647.496370
 548 648.497377
 549 649.498140
 550 650.498706
 551 651.499117
 552 652.499410
 553 653.499613
 554 654.499752
 555 655.499845
 556 656.499905
 557 657.499943
 558 658.499966
 559 659.499981
 560 660.499989
 561 661.499994
 562 662.499997
 563 663.499998
 564 664.499999
 565 665.500000
 566 666.500000
 567 667.500000
 568 668.500000
 569 669.500000
 570 670.500000
 571 671.500000
 572 672.500000
 573 673.500000
 574 674.500000
 575 675.500000
 576 676.500000
 577 677.500000
 578 678.500000
 579 679.500000
 580 680.500000
 581 681.500000
 582 682.500000
 583 683.500000
 584 684.500000
 585 685.500000
 586 686.500000
 587 687.500000
 588 688.500000
 589 689.500000
 590 690.500000
 591 691.500000
 592 692.500000
 593 693.500000
 594 694.500000
 595 695.500000
 596 696.500000
 597 697.500000
 598 698.500000
 599 699.500000
 600 700.500000
 601 701.500000
 602 702.500000
 603 703.500000
 604 704.500000
 605 705.500000
 606 706.500000
 607 707.500000
 608 708.500000
 609 709.500000
 610 710.500000
 611 711.500000
 612 712.500000
 613 713.500000
 614 714.500000
 615 715.500000
 616 716.500001
 617 717.500001
 618 718.500003
 619 719.500005
 620 720.500010
 621 721.500018
 622 722.500032
 623 723.500057
 624 724.500099
 625 725.000125
 626 726.000211
 627 727.000350
 628 728.000570
 629 729.000909
 630 730.001421
 631 731.002181
 632 732.003283
 633 733.004849
 634 734.007031
 635 735.010009
 636 736.013991
 637 737.019209
 638 738.025910
 639 739.034342
 640 740.044741
 641 741.057312
 642 742.072205
 643 743.089501
 644 744.109188
 645 745.131156
 646 746.155182
 647 747.180943
 648 748.208018
 649 749.235913
 650 750.264087
 651 751.291982
 652 752.319057
 653 753.344818
 654 754.368844
 655 755.390812
 656 756.410499
 657 757.427795
 658 758.442688
 659 759.455259
 660 760.465658
 661 761.474090
 662 762.480791
 663 763.486009
 664 764.489991
 665 765.492969
 666 766.495151
 667 767.496717
 668 768.497819
 669 769.498579
 670 770.499091
 671 771.499430
 672 772.499650
 673 773.499789
 674 774.499875
 675 775.499928
 676 776.499959
 677 777.499977
 678 778.499988
 679 779.499993
 680 780.499997
 681 781.499998
 682 782.499999
 683 783.500000
 684 784.500000
 685 785.500000
 686 786.500000
 687 787.500000
 688 788.500000
 689 789.500000
 690 790.500000
 691 791.500000
 692 792.500000
 693 793.500000
 694 794.500000
 695 795.500000
 696 796.500000
 697 797.500000
 698 798.500000
 699 799.500000
 700 800.500000
 701 801.500000
 702 802.500000
 703 803.500000
 704 804.500000
 705 805.500000
 706 806.500000
 707 807.500000
 708 808.500000
 709 809.500000
 710 810.500000
 711 811.500000
 712 812.500000
 713 813.500000
 714 814.500000
 715 815.500000
 716 816.500000
 717 817.500000
 718 818.500000
 719 819.500000
 720 820.500000
 721 821.500000
 722 822.500000
 723 823.500000
 724 824.500000
 725 825.500000
 726 826.500000
 727 827.500000
 728 828.500000
 729 829.500000
 730 830.500000
 731 831.500000
 732 832.500000
 733 833.500000
 734 834.500000
 735 835.500000
 736 836.500000
 737 837.500000
 738 838.500000
 739 839.500000
 740 840.500000
 741 841.500001
 742 842.500001
 743 843.500003
 744 844.500005
 745 845.500009
 746 846.500018
 747 847.500032
 748 848.500056
 749 849.500098
 750 850.000124
 751 851.000210
 752 852.000347
 753 853.000564
 754 854.000898
 755 855.001402
 756 856.002148
 757 857.003229
 758 858.004761
 759 859.006890
 760 860.009788
 761 861.013651
 762 862.018697
 763 863.025155
 764 864.033253
 765 865.043201
 766 866.055176
 767 867.069304
 768 868.085638
 769 869.104144
 770 870.124698
 771 871.147074
 772 872.170959
 773 873.195960
 774 874.221628
 775 875.247485
 776 876.273054
 777 877.297885
 778 878.321585
 779 879.343833
 780 880.364396
 781 881.383130
 782 882.399979
 783 883.414959
 784 884.428147
 785 885.439661
 786 886.449646
 787 887.458255
 788 888.465640
 789 889.471946
 790 890.477300
 791 891.481818
 792 892.485601
 793 893.488740
 794 894.491315
 795 895.493400
 796 896.495064
 797 897.496370
 798 898.497377
 799 899.498140
 800 900.498706
 801 901.499117
 802 902.499410
 803 903.499613
 804 904.499752
 805 905.499845
 806 906.499905
 807 907.499943
 808 908.499966
 809 909.499981
 810 910.499989
 811 911.499994
 812 912.499997
 813 913.499998
 814 914.499999
 815 915.500000
 816 916.500000
 817 917.500000
 818 918.500000
 819 919.500000
 820 920.500000
 821 921.500000
 822 922.500000
 823 923.500000
 824 924.500000
 825 925.500000
 826 926.500000
 827 927.500000
 828 928.500000
 829 929.500000
 830 930.500000
 831 931.500000
 832 932.500000
 833 933.500000
 834 934.500000
 835 935.500000
 836 936.500000
 837 937.500000
 838 938.500000
 839 939.500000
 840 940.500000
 841 941.500000
 842 942.500000
 843 943.500000
 844 944.500000
 845 945.500000
 846 946.500000
 847 947.500000
 848 948.500000
 849 949.500000
 850 950.500000
 851 951.500000
 852 952.500000
 853 953.500000
 854 954.500000
 855 955.500000
 856 956.500000
 857 957.500000
 858 958.500000
 859 959.500000
 860 960.500000
 861 961.500000
 862 962.500000
 863 963.500000
 864 964.499999
 865 965.499999
 866 966.499997
 867 967.499995
 868 968.499990
 869 969.499979
 870 970.499960
 871 971.499925
 872 972.499861
 873 973.499748
 874 974.499551
 875 974.999426
 876 975.999003
 877 976.998303
 878 977.997163
 879 978.995345
 880 979.992503
 881 980.988141
 882 981.981576
 883 982.971878
 884 983.957815
 885 984.937797
 886 985.909814
 887 986.871395
 888 987.819575
 889 988.750892
 890 989.661410
 891 990.546787
 892 991.402376
 893 992.223375
 894 993.004998
 895 993.742687
 896 994.432323
 897 995.070437
 898 995.654402
 899 996.182576
 900 996.654402
 901 997.070437
 902 997.432323
 903 997.742687
 904 998.004998
 905 998.223375
 906 998.402376
 907 998.546787
 908 998.661410
 909 998.750892
 910 998.819575
 911 998.871395
 912 998.909814
 913 998.937797
 914 998.957815
 915 998.971878
 916 998.981576
 917 998.988141
 918 998.992503
 919 998.995345
 920 998.997163
 921 998.998303
 922 998.999003
 923 998.999426
 924 998.999676
 925 998.999820
 926 998.999902
 927 998.999948
 928 998.999973
 929 998.999986
 930 998.999993
 931 998.999997
 932 998.999998
 933 998.999999
 934 999.000000
 935 999.000000
 936 999.000000
 937 999.000000
 938 999.000000
 939 999.000000
 940 999.000000
 941 999.000000
 942 999.000000
 943 999.000000
 944 999.000000
 945 999.000000
 946 999.000000
 947 999.000000
 948 999.000000
 949 999.000000
 950 999.000000
 951 999.000000
 952 999.000000
 953 999.000000
 954 999.000000
 955 999.000000
 956 999.000000
 957 999.000000
 958 999.000000
 959 999.000000
 960 999.000000
 961 999.000000
 962 999.000000
 963 999.000000
 964 999.000000
 965 999.000000
 966 999.000000
 967 999.000000
 968 999.000000
 969 999.000000
 970 999.000000
 971 999.000000
 972 999.000000
 973 999.000000
 974 999.000000
 975 999.000000
 976 999.000000
 977 999.000000
 978 999.000000
 979 999.000000
 980 999.000000
 981 999.000000
 982 999.000000
 983 999.000000
 984 999.000000
 985 999.000000
 986 999.000000
 987 999.000000
 988 999.000000
 989 999.000000
 990 999.000000
 991 999.000000
 992 999.000000
 993 999.000000
 994 999.000000
 995 999.000000
 996 999.000000
 997 999.000000
 998 999.000000
 999 999.000000
