Output:
   0 100.000125
   1 101.000211
   2 102.000350
   3 103.000570
   4 104.000909
   5 105.001421
   6 106.002181
   7 107.003283
   8 108.004849
   9 109.007031
  10 110.010009
  11 111.013991
  12 112.019209
  13 113.025910
  14 114.034342
  15 115.044741
  16 116.057312
  17 117.072205
  18 118.089501
  19 119.109188
  20 120.131156
  21 121.155182
  22 122.180943
  23 123.208018
  24 124.235913
  25 125.264087
  26 126.291982
  27 127.319057
  28 128.344818
  29 129.368844
  30 130.390812
  31 131.410499
  32 132.427795
  33 133.442688
  34 134.455259
  35 135.465658
  36 136.474090
  37 137.480791
  38 138.486009
  39 139.489991
  40 140.492969
  41 141.495151
  42 142.496717
  43 143.497819
  44 144.498579
  45 145.499091
  46 146.499430
  47 147.499650
  48 148.499789
  49 149.499875
  50 150.499928
  51 151.499959
  52 152.499977
  53 153.499988
  54 154.499993
  55 155.499997
  56 156.499998
  57 157.499999
  58 158.500000
  59 159.500000
  60 160.500000
  61 161.500000
  62 162.500000
  63 163.500000
  64 164.500000
  65 165.500000
  66 166.500000
  67 167.500000
  68 168.500000
  69 169.500000
  70 170.500000
  71 171.500000
  72 172.500000
  73 173.500000
  74 174.500000
  75 175.500000
  76 176.500000
  77 177.500000
  78 178.500000
  79 179.500000
  80 180.500000
  81 181.500000
  82 182.500000
  83 183.500000
  84 184.500000
  85 185.500000
  86 186.500000
  87 187.500000
  88 188.500000
  89 189.500000
  90 190.500000
  91 191.500000
  92 192.500000
  93 193.500000
  94 194.500000
  95 195.500000
  96 196.500000
  97 197.500000
  98 198.500000
  99 199.500000
 100 200.500000
 101 201.500000
 102 202.500000
 103 203.500000
 104 204.500000
 105 205.500000
 106 206.500000
 107 207.500000
 108 208.500000
 109 209.500000
 110 210.500000
 111 211.500000
 112 212.500000
 113 213.500000
 114 214.500000
 115 215.500000
 116 216.500001
 117 217.500001
 118 218.500003
 119 219.500005
 120 220.500010
 121 221.500018
 122 222.500032
 123 223.500057
 124 224.500099
 125 225.000125
 126 226.000211
 127 227.000350
 128 228.000570
 129 229.000909
 130 230.001421
 131 231.002181
 132 232.003283
 133 233.004849
 134 234.007031
 135 235.010009
 136 236.013991
 137 237.019209
 138 238.025910
 139 239.034342
 140 240.044741
 141 241.057312
 142 242.072205
 143 243.089501
 144 244.109188
 145 245.131156
 146 246.155182
 147 247.180943
 148 248.208018
 149 249.235913
 150 250.264087
 151 251.291982
 152 252.319057
 153 253.344818
 154 254.368844
 155 255.390812
 156 256.410499
 157 257.427795
 158 258.442688
 159 259.455259
 160 260.465658
 161 261.474090
 162 262.480791
 163 263.486009
 164 264.489991
 165 265.492969
 166 266.495151
 167 267.496717
 168 268.497819
 169 269.498579
 170 270.499091
 171 271.499430
 172 272.499650
 173 273.499789
 174 274.499875
 175 275.499928
 176 276.499959
 177 277.499977
 178 278.499988
 179 279.499993
 180 280.499997
 181 281.499998
 182 282.499999
 183 283.500000
 184 284.500000
 185 285.500000
 186 286.500000
 187 287.500000
 188 288.500000
 189 289.500000
 190 290.500000
 191 291.500000
 192 292.500000
 193 293.500000
 194 294.500000
 195 295.500000
 196 296.500000
 197 297.500000
 198 298.500000
 199 299.500000
 200 300.500000
 201 301.500000
 202 302.500000
 203 303.500000
 204 304.500000
 205 305.500000
 206 306.500000
 207 307.500000
 208 308.500000
 209 309.500000
 210 310.500000
 211 311.500000
 212 312.500000
 213 313.500000
 214 314.500000
 215 315.500000
 216 316.500000
 217 317.500000
 218 318.500000
 219 319.500000
 220 320.500000
 221 321.500000
 222 322.500000
 223 323.500000
 224 324.500000
 225 325.500000
 226 326.500000
 227 327.500000
 228 328.500000
 229 329.500000
 230 330.500000
 231 331.500000
 232 332.500000
 233 333.500000
 234 334.500000
 235 335.500000
 236 336.500000
 237 337.500000
 238 338.500000
 239 339.500000
 240 340.500000
 241 341.500000
 242 342.500001
 243 343.500001
 244 344.500002
 245 345.500004
 246 346.500008
 247 347.500015
 248 348.500026
 249 349.500046
 250 350.000058
 251 351.000099
 252 352.000165
 253 353.000272
 254 354.000440
 255 355.000698
 256 356.001088
 257 357.001665
 258 358.002506
 259 359.003705
 260 360.005384
 261 361.007692
 262 362.010804
 263 363.014920
 264 364.020265
 265 365.027073
 266 366.035581
 267 367.046016
 268 368.058571
 269 369.073390
 270 370.090551
 271 371.110046
 272 372.131770
 273 373.155516
 274 374.180974
 275 375.207743
 276 376.235349
 277 377.263267
 278 378.290953
 279 379.317877
 280 380.343548
 281 381.367546
 282 382.389539
 283 383.409299
 284 384.426701
 285 385.441724
 286 386.454435
 287 387.464975
 288 388.473539
 289 389.480359
 290 390.485681
 291 391.489748
 292 392.492795
 293 393.495030
 294 394.496635
 295 395.497766
 296 396.498545
 297 397.499070
 298 398.499418
 299 399.499643
 300 400.499785
 301 401.499873
 302 402.499927
 303 403.499959
 304 404.499977
 305 405.499988
 306 406.499993
 307 407.499997
 308 408.499998
 309 409.499999
 310 410.500000
 311 411.500000
 312 412.500000
 313 413.500000
 314 414.500000
 315 415.500000
 316 416.500000
 317 417.500000
 318 418.500000
 319 419.500000
 320 420.500000
 321 421.500000
 322 422.500000
 323 423.500000
 324 424.500000
 325 425.500000
 326 426.500000
 327 427.500000
 328 428.500000
 329 429.500000
 330 430.500000
 331 431.500000
 332 432.500000
 333 433.500000
 334 434.500000
 335 435.500000
 336 436.500000
 337 437.500000
 338 438.500000
 339 439.500000
 340 440.500000
 341 441.500000
 342 442.500000
 343 443.500000
 344 444.500000
 345 445.500000
 346 446.500000
 347 447.500000
 348 448.500000
 349 449.500000
 350 450.500000
 351 451.500000
 352 452.500000
 353 453.500000
 354 454.500000
 355 455.500000
 356 456.500000
 357 457.500000
 358 458.500000
 359 459.500000
 360 460.500000
 361 461.500000
 362 462.500000
 363 463.500000
 364 464.500000
 365 465.500000
 366 466.500000
 367 467.500001
 368 468.500001
 369 469.500003
 370 470.500005
 371 471.500010
 372 472.500018
 373 473.500032
 374 474.500056
 375 475.000071
 376 476.000122
 377 477.000204
 378 478.000336
 379 479.000544
 380 480.000862
 381 481.001341
 382 482.002047
 383 483.003068
 384 484.004514
 385 485.006524
 386 486.009262
 387 487.012919
 388 488.017709
 389 489.023861
 390 490.031613
 391 491.041190
 392 492.052798
 393 493.066598
 394 494.082691
 395 495.101102
 396 496.121765
 397 497.144514
 398 498.169085
 399 499.195121
 400 500.222186
 401 501.249788
 402 502.277402
 403 503.304504
 404 504.330597
 405 505.355240
 406 506.378070
 407 507.398815
 408 508.417303
 409 509.433465
 410 510.447320
 411 511.458967
 412 512.468568
 413 513.476329
 414 514.482478
 415 515.487256
 416 516.490895
 417 517.493611
 418 518.495599
 419 519.497023
 420 520.498024
 421 521.498713
 422 522.499178
 423 523.499485
 424 524.499684
 425 525.499809
 426 526.499888
 427 527.499935
 428 528.499963
 429 529.499980
 430 530.499989
 431 531.499994
 432 532.499997
 433 533.499998
 434 534.499999
 435 535.500000
 436 536.500000
 437 537.500000
 438 538.500000
 439 539.500000
 440 540.500000
 441 541.500000
 442 542.500000
 443 543.500000
 444 544.500000
 445 545.500000
 446 546.500000
 447 547.500000
 448 548.500000
 449 549.500000
 450 550.500000
 451 551.500000
 452 552.500000
 453 553.500000
 454 554.500000
 455 555.500000
 456 556.500000
 457 557.500000
 458 558.500000
 459 559.500000
 460 560.500000
 461 561.500000
 462 562.500000
 463 563.500000
 464 564.500000
 465 565.500000
 466 566.500000
 467 567.500000
 468 568.500000
 469 569.500000
 470 570.500000
 471 571.500000
 472 572.500000
 473 573.500000
 474 574.500000
 475 575.500000
 476 576.500000
 477 577.500000
 478 578.500000
 479 579.500000
 480 580.500000
 481 581.500000
 482 582.500000
 483 583.500000
 484 584.500000
 485 585.500000
 486 586.500000
 487 587.500000
 488 588.500000
 489 589.500000
 490 590.500000
 491 591.500001
 492 592.500001
 493 593.500002
 494 594.500005
 495 595.500009
 496 596.500017
 497 597.500030
 498 598.500054
 499 599.500093
 500 600.000118
 501 601.000198
 502 602.000329
 503 603.000533
 504 604.000849
 505 605.001326
 506 606.002031
 507 607.003053
 508 608.004505
 509 609.006526
 510 610.009282
 511 611.012968
 512 612.017799
 513 613.024007
 514 614.031827
 515 615.041487
 516 616.053188
 517 617.067086
 518 618.083276
 519 619.101775
 520 620.122506
 521 621.145298
 522 622.169876
 523 623.195880
 524 624.222871
 525 625.250359
 526 626.277826
 527 627.304754
 528 628.330661
 529 629.355117
 530 630.377770
 531 631.398362
 532 632.416728
 533 633.432804
 534 634.446610
 535 635.458245
 536 636.467866
 537 637.475671
 538 638.481885
 539 639.486737
 540 640.490454
 541 641.493248
 542 642.495307
 543 643.496796
 544 644.497852
 545 645.498586
 546 646.499086
 547 647.499420
 548 648.499639
 549 649.499779
 550 650.499868
 551 651.499922
 552 652.499955
 553 653.499975
 554 654.499986
 555 655.499992
 556 656.499996
 557 657.499998
 558 658.499999
 559 659.499999
 560 660.500000
 561 661.500000
 562 662.500000
 563 663.500000
 564 664.500000
 565 665.500000
 566 666.500000
 567 667.500000
 568 668.500000
 569 669.500000
 570 670.500000
 571 671.500000
 572 672.500000
 573 673.500000
 574 674.500000
 575 675.500000
 576 676.500000
 577 677.500000
 578 678.500000
 579 679.500000
 580 680.500000
 581 681.500000
 582 682.500000
 583 683.500000
 584 684.500000
 585 685.500000
 586 686.500000
 587 687.500000
 588 688.500000
 589 689.500000
 590 690.500000
 591 691.500000
 592 692.500000
 593 693.500000
 594 694.500000
 595 695.500000
 596 696.500000
 597 697.500000
 598 698.500000
 599 699.500000
 600 700.500000
 601 701.500000
 602 702.500000
 603 703.500000
 604 704.500000
 605 705.500000
 606 706.500000
 607 707.500000
 608 708.500000
 609 709.500000
 610 710.500000
 611 711.500000
 612 712.500000
 613 713.500000
 614 714.500000
 615 715.500000
 616 716.500001
 617 717.500001
 618 718.500002
 619 719.500005
 620 720.500009
 621 721.500016
 622 722.500028
 623 723.500051
 624 724.500088
 625 725.000111
 626 726.000188
 627 727.000312
 628 728.000507
 629 729.000808
 630 730.001265
 631 731.001942
 632 732.002927
 633 733.004329
 634 734.006286
 635 735.008963
 636 736.012555
 637 737.017277
 638 738.023364
 639 739.031055
 640 740.040586
 641 741.052165
 642 742.065960
 643 743.082076
 644 744.100539
 645 745.121284
 646 746.144143
 647 747.168847
 648 748.195031
 649 749.222249
 650 750.250001
 651 751.277753
 652 752.304971
 653 753.331154
 654 754.355857
 655 755.378716
 656 756.399460
 657 757.417924
 658 758.434039
 659 759.447834
 660 760.459413
 661 761.468943
 662 762.476635
 663 763.482722
 664 764.487445
 665 765.491036
 666 766.493714
 667 767.495672
 668 768.497074
 669 769.498058
 670 770.498735
 671 771.499192
 672 772.499493
 673 773.499688
 674 774.499812
 675 775.499889
 676 776.499936
 677 777.499963
 678 778.499980
 679 779.499989
 680 780.499994
 681 781.499997
 682 782.499998
 683 783.499999
 684 784.500000
 685 785.500000
 686 786.500000
 687 787.500000
 688 788.500000
 689 789.500000
 690 790.500000
 691 791.500000
 692 792.500000
 693 793.500000
 694 794.500000
 695 795.500000
 696 796.500000
 697 797.500000
 698 798.500000
 699 799.500000
 700 800.500000
 701 801.500000
 702 802.500000
 703 803.500000
 704 804.500000
 705 805.500000
 706 806.500000
 707 807.500000
 708 808.500000
 709 809.500000
 710 810.500000
 711 811.500000
 712 812.500000
 713 813.500000
 714 814.500000
 715 815.500000
 716 816.500000
 717 817.500000
 718 818.500000
 719 819.500000
 720 820.500000
 721 821.500000
 722 822.500000
 723 823.500000
 724 824.500000
 725 825.500000
 726 826.500000
 727 827.500000
 728 828.500000
 729 829.500000
 730 830.500000
 731 831.500000
 732 832.500000
 733 833.500000
 734 834.500000
 735 835.500000
 736 836.500000
 737 837.500000
 738 838.500000
 739 839.500000
 740 840.500000
 741 841.500000
 742 842.500001
 743 843.500002
 744 844.500003
 745 845.500006
 746 846.500010
 747 847.500019
 748 848.500034
 749 849.500058
 750 850.000074
 751 851.000125
 752 852.000207
 753 853.000338
 754 854.000540
 755 855.000848
 756 856.001307
 757 857.001979
 758 858.002943
 759 859.004300
 760 860.006174
 761 861.008716
 762 862.012097
 763 863.016514
 764 864.022178
 765 865.029307
 766 866.038119
 767 867.048813
 768 868.061555
 769 869.076466
 770 870.093599
 771 871.112931
 772 872.134351
 773 873.157656
 774 874.182554
 775 875.208671
 776 876.235569
 777 877.262766
 778 878.289761
 779 879.316064
 780 880.341218
 781 881.364827
 782 882.386571
 783 883.406222
 784 884.423646
 785 885.438801
 786 886.451731
 787 887.462551
 788 888.471429
 789 889.478573
 790 890.484208
 791 891.488566
 792 892.491869
 793 893.494323
 794 894.496109
 795 895.497383
 796 896.498273
 797 897.498882
 798 898.499290
 799 899.499558
 800 900.499730
 801 901.499839
 802 902.499906
 803 903.499946
 804 904.499970
 805 905.499983
 806 906.499991
 807 907.499995
 808 908.499998
 809 909.499999
 810 910.499999
 811 911.500000
 812 912.500000
 813 913.500000
 814 914.500000
 815 915.500000
 816 916.500000
 817 917.500000
 818 918.500000
 819 919.500000
 820 920.500000
 821 921.500000
 822 922.500000
 823 923.500000
 824 924.500000
 825 925.500000
 826 926.500000
 827 927.500000
 828 928.500000
 829 929.500000
 830 930.500000
 831 931.500000
 832 932.500000
 833 933.500000
 834 934.500000
 835 935.500000
 836 936.500000
 837 937.500000
 838 938.500000
 839 939.500000
 840 940.500000
 841 941.500000
 842 942.500000
 843 943.500000
 844 944.500000
 845 945.500000
 846 946.500000
 847 947.500000
 848 948.500000
 849 949.500000
 850 950.500000
 851 951.500000
 852 952.500000
 853 953.500000
 854 954.500000
 855 955.500000
 856 956.500000
 857 957.500000
 858 958.500000
 859 959.500000
 860 960.500000
 861 961.500000
 862 962.500000
 863 963.500000
 864 964.499999
 865 965.499999
 866 966.499997
 867 967.499995
 868 968.499990
 869 969.499979
 870 970.499960
 871 971.499925
 872 972.499861
 873 973.499748
 874 974.499551
 875 974.999426
 876 975.999003
 877 976.998303
 878 977.997163
 879 978.995345
 880 979.992503
 881 980.988141
 882 981.981576
 883 982.971878
 884 983.957815
 885 984.937797
 886 985.909814
 887 986.871395
 888 987.819575
 889 988.750892
 890 989.661410
 891 990.546787
 892 991.402376
 893 992.223375
 894 993.004998
 895 993.742687
 896 994.432323
 897 995.070437
 898 995.654402
 899 996.182576
 900 996.654402
 901 997.070437
 902 997.432323
 903 997.742687
 904 998.004998
 905 998.223375
 906 998.402376
 907 998.546787
 908 998.661410
 909 998.750892
 910 998.819575
 911 998.871395
 912 998.909814
 913 998.937797
 914 998.957815
 915 998.971878
 916 998.981576
 917 998.988141
 918 998.992503
 919 998.995345
 920 998.997163
 921 998.998303
 922 998.999003
 923 998.999426
 924 998.999676
 925 998.999820
 926 998.999902
 927 998.999948
 928 998.999973
 929 998.999986
 930 998.999993
 931 998.999997
 932 998.999998
 933 998.999999
 934 999.000000
 935 999.000000
 936 999.000000
 937 999.000000
 938 999.000000
 939 999.000000
 940 999.000000
 941 999.000000
 942 999.000000
 943 999.000000
 944 999.000000
 945 999.000000
 946 999.000000
 947 999.000000
 948 999.000000
 949 999.000000
 950 999.000000
 951 999.000000
 952 999.000000
 953 999.000000
 954 999.000000
 955 999.000000
 956 999.000000
 957 999.000000
 958 999.000000
 959 999.000000
 960 999.000000
 961 999.000000
 962 999.000000
 963 999.000000
 964 999.000000
 965 999.000000
 966 999.000000
 967 999.000000
 968 999.000000
 969 999.000000
 970 999.000000
 971 999.000000
 972 999.000000
 973 999.000000
 974 999.000000
 975 999.000000
 976 999.000000
 977 999.000000
 978 999.000000
 979 999.000000
 980 999.000000
 981 999.000000
 982 999.000000
 983 999.000000
 984 999.000000
 985 999.000000
 986 999.000000
 987 999.000000
 988 999.000000
 989 999.000000
 990 999.000000
 991 999.000000
 992 999.000000
 993 999.000000
 994 999.000000
 995 999.000000
 996 999.000000
 997 999.000000
 998 999.000000
 999 999.000000
