Output:
   0 100.000125
   1 101.000211
   2 102.000350
   3 103.000570
   4 104.000909
   5 105.001421
   6 106.002181
   7 107.003283
   8 108.004849
   9 109.007031
  10 110.010009
  11 111.013991
  12 112.019209
  13 113.025910
  14 114.034342
  15 115.044741
  16 116.057312
  17 117.072205
  18 118.089501
  19 119.109188
  20 120.131156
  21 121.155182
  22 122.180943
  23 123.208018
  24 124.235913
  25 125.264087
  26 126.291982
  27 127.319057
  28 128.344818
  29 129.368844
  30 130.390812
  31 131.410499
  32 132.427795
  33 133.442688
  34 134.455259
  35 135.465658
  36 136.474090
  37 137.480791
  38 138.486009
  39 139.489991
  40 140.492969
  41 141.495151
  42 142.496717
  43 143.497819
  44 144.498579
  45 145.499091
  46 146.499430
  47 147.499650
  48 148.499789
  49 149.499875
  50 150.499928
  51 151.499959
  52 152.499977
  53 153.499988
  54 154.499993
  55 155.499997
  56 156.499998
  57 157.499999
  58 158.500000
  59 159.500000
  60 160.500000
  61 161.500000
  62 162.500000
  63 163.500000
  64 164.500000
  65 165.500000
  66 166.500000
  67 167.500000
  68 168.500000
  69 169.500000
  70 170.500000
  71 171.500000
  72 172.500000
  73 173.500000
  74 174.500000
  75 175.500000
  76 176.500000
  77 177.500000
  78 178.500000
  79 179.500000
  80 180.500000
  81 181.500000
  82 182.500000
  83 183.500000
  84 184.500000
  85 185.500000
  86 186.500000
  87 187.500000
  88 188.500000
  89 189.500000
  90 190.500000
  91 191.500000
  92 192.500000
  93 193.500000
  94 194.500000
  95 195.500000
  96 196.500000
  97 197.500000
  98 198.500000
  99 199.500000
 100 200.500000
 101 201.500000
 102 202.500000
 103 203.500000
 104 204.500000
 105 205.500000
 106 206.500000
 107 207.500000
 108 208.500000
 109 209.500000
 110 210.500000
 111 211.500000
 112 212.500000
 113 213.500000
 114 214.500000
 115 215.500000
 116 216.500001
 117 217.500001
 118 218.500003
 119 219.500005
 120 220.500010
 121 221.500018
 122 222.500032
 123 223.500057
 124 224.500099
 125 225.000125
 126 226.000211
 127 227.000350
 128 228.000570
 129 229.000909
 130 230.001421
 131 231.002181
 132 232.003283
 133 233.004849
 134 234.007031
 135 235.010009
 136 236.013991
 137 237.019209
 138 238.025910
 139 239.034342
 140 240.044741
 141 241.057312
 142 242.072205
 143 243.089501
 144 244.109188
 145 245.131156
 146 246.155182
 147 247.180943
 148 248.208018
 149 249.235913
 150 250.264087
 151 251.291982
 152 252.319057
 153 253.344818
 154 254.368844
 155 255.390812
 156 256.410499
 157 257.427795
 158 258.442688
 159 259.455259
 160 260.465658
 161 261.474090
 162 262.480791
 163 263.486009
 164 264.489991
 165 265.492969
 166 266.495151
 167 267.496717
 168 268.497819
 169 269.498579
 170 270.499091
 171 271.499430
 172 272.499650
 173 273.499789
 174 274.499875
 175 275.499928
 176 276.499959
 177 277.499977
 178 278.499988
 179 279.499993
 180 280.499997
 181 281.499998
 182 282.499999
 183 283.500000
 184 284.500000
 185 285.500000
 186 286.500000
 187 287.500000
 188 288.500000
 189 289.500000
 190 290.500000
 191 291.500000
 192 292.500000
 193 293.500000
 194 294.500000
 195 295.500000
 196 296.500000
 197 297.500000
 198 298.500000
 199 299.500000
 200 300.500000
 201 301.500000
 202 302.500000
 203 303.500000
 204 304.500000
 205 305.500000
 206 306.499999
 207 307.499995
 208 308.499985
 209 309.499955
 210 310.499880
 211 311.499707
 212 312.499346
 213 313.498655
 214 314.497451
 215 315.495540
 216 316.492779
 217 317.489168
 218 318.484930
 219 319.480534
 220 320.476641
 221 321.473946
 222 322.472981
 223 323.473946
 224 324.476641
 225 325.480534
 226 326.484930
 227 327.489168
 228 328.492779
 229 329.495540
 230 330.497451
 231 331.498655
 232 332.499346
 233 333.499707
 234 334.499880
 235 335.499955
 236 336.499985
 237 337.499995
 238 338.499999
 239 339.500000
 240 340.500000
 241 341.500001
 242 342.500001
 243 343.500003
 244 344.500005
 245 345.500010
 246 346.500018
 247 347.500032
 248 348.500057
 249 349.500099
 250 350.000125
 251 351.000211
 252 352.000350
 253 353.000570
 254 354.000909
 255 355.001421
 256 356.002181
 257 357.003283
 258 358.004849
 259 359.007031
 260 360.010009
 261 361.013991
 262 362.019209
 263 363.025910
 264 364.034342
 265 365.044741
 266 366.057312
 267 367.072205
 268 368.089501
 269 369.109188
 270 370.131156
 271 371.155182
 272 372.180943
 273 373.208018
 274 374.235913
 275 375.264087
 276 376.291982
 277 377.319057
 278 378.344818
 279 379.368844
 280 380.390812
 281 381.410499
 282 382.427795
 283 383.442688
 284 384.455259
 285 385.465658
 286 386.474090
 287 387.480791
 288 388.486009
 289 389.489991
 290 390.492969
 291 391.495151
 292 392.496717
 293 393.497819
 294 394.498579
 295 395.499091
 296 396.499430
 297 397.499650
 298 398.499789
 299 399.499875
 300 400.499928
 301 401.499959
 302 402.499977
 303 403.499988
 304 404.499993
 305 405.499997
 306 406.499998
 307 407.499999
 308 408.500000
 309 409.500000
 310 410.500000
 311 411.500000
 312 412.500000
 313 413.500000
 314 414.500000
 315 415.500000
 316 416.500000
 317 417.499999
 318 418.499998
 319 419.499995
 320 420.499986
 321 421.499966
 322 422.499921
 323 423.499829
 324 424.499652
 325 425.499331
 326 426.498785
 327 427.497918
 328 428.496626
 329 429.494826
 330 430.492489
 331 431.489673
 332 432.486543
 333 433.483377
 334 434.480527
 335 435.478364
 336 436.477194
 337 437.477194
 338 438.478364
 339 439.480527
 340 440.483377
 341 441.486543
 342 442.489673
 343 443.492489
 344 444.494826
 345 445.496626
 346 446.497918
 347 447.498785
 348 448.499331
 349 449.499652
 350 450.499829
 351 451.499921
 352 452.499966
 353 453.499986
 354 454.499995
 355 455.499998
 356 456.499999
 357 457.500000
 358 458.500000
 359 459.500000
 360 460.500000
 361 461.500000
 362 462.500000
 363 463.500000
 364 464.500000
 365 465.500000
 366 466.500000
 367 467.500001
 368 468.500002
 369 469.500003
 370 470.500007
 371 471.500012
 372 472.500023
 373 473.500041
 374 474.500072
 375 475.000092
 376 476.000158
 377 477.000265
 378 478.000436
 379 479.000704
 380 480.001114
 381 481.001729
 382 482.002632
 383 483.003933
 384 484.005766
 385 485.008297
 386 486.011722
 387 487.016261
 388 488.022158
 389 489.029662
 390 490.039021
 391 491.050461
 392 492.064163
 393 493.080248
 394 494.098754
 395 495.119623
 396 496.142688
 397 497.167676
 398 498.194209
 399 499.221826
 400 500.250000
 401 501.278174
 402 502.305791
 403 503.332324
 404 504.357312
 405 505.380377
 406 506.401246
 407 507.419752
 408 508.435837
 409 509.449539
 410 510.460979
 411 511.470338
 412 512.477842
 413 513.483739
 414 514.488278
 415 515.491703
 416 516.494234
 417 517.496067
 418 518.497368
 419 519.498271
 420 520.498886
 421 521.499296
 422 522.499564
 423 523.499735
 424 524.499842
 425 525.499908
 426 526.499947
 427 527.499971
 428 528.499984
 429 529.499991
 430 530.499995
 431 531.499998
 432 532.499999
 433 533.499999
 434 534.500000
 435 535.500000
 436 536.500000
 437 537.500000
 438 538.500000
 439 539.500000
 440 540.500000
 441 541.500000
 442 542.500000
 443 543.500000
 444 544.500000
 445 545.500000
 446 546.500000
 447 547.500000
 448 548.500000
 449 549.499999
 450 550.499996
 451 551.499987
 452 552.499966
 453 553.499917
 454 554.499808
 455 555.499588
 456 556.499177
 457 557.498461
 458 558.497307
 459 559.495584
 460 560.493206
 461 561.490187
 462 562.486682
 463 563.483008
 464 564.479609
 465 565.476978
 466 566.475538
 467 567.475533
 468 568.476950
 469 569.479513
 470 570.482719
 471 571.485920
 472 572.488408
 473 573.489512
 474 574.488724
 475 575.485875
 476 576.481312
 477 577.475975
 478 578.471231
 479 579.468465
 480 580.468574
 481 581.471609
 482 582.476786
 483 583.482847
 484 584.488566
 485 585.493140
 486 586.496306
 487 587.498222
 488 588.499238
 489 589.499711
 490 590.499904
 491 591.499973
 492 592.499994
 493 593.500001
 494 594.500005
 495 595.500009
 496 596.500018
 497 597.500032
 498 598.500057
 499 599.500099
 500 600.000125
 501 601.000211
 502 602.000350
 503 603.000570
 504 604.000909
 505 605.001421
 506 606.002181
 507 607.003283
 508 608.004849
 509 609.007031
 510 610.010009
 511 611.013991
 512 612.019209
 513 613.025910
 514 614.034342
 515 615.044741
 516 616.057312
 517 617.072205
 518 618.089501
 519 619.109188
 520 620.131156
 521 621.155182
 522 622.180943
 523 623.208018
 524 624.235913
 525 625.264087
 526 626.291982
 527 627.319057
 528 628.344818
 529 629.368844
 530 630.390812
 531 631.410499
 532 632.427795
 533 633.442688
 534 634.455259
 535 635.465658
 536 636.474090
 537 637.480791
 538 638.486009
 539 639.489991
 540 640.492969
 541 641.495151
 542 642.496717
 543 643.497819
 544 644.498579
 545 645.499091
 546 646.499430
 547 647.499650
 548 648.499789
 549 649.499875
 550 650.499928
 551 651.499959
 552 652.499977
 553 653.499988
 554 654.499993
 555 655.499997
 556 656.499998
 557 657.499999
 558 658.500000
 559 659.500000
 560 660.500000
 561 661.500000
 562 662.500000
 563 663.500000
 564 664.500000
 565 665.500000
 566 666.500000
 567 667.500000
 568 668.500000
 569 669.500000
 570 670.500000
 571 671.500000
 572 672.500000
 573 673.500000
 574 674.500000
 575 675.500000
 576 676.500000
 577 677.500000
 578 678.500000
 579 679.500000
 580 680.500000
 581 681.500000
 582 682.500000
 583 683.500000
 584 684.500000
 585 685.500000
 586 686.500000
 587 687.500000
 588 688.500000
 589 689.500000
 590 690.500000
 591 691.500000
 592 692.500000
 593 693.500000
 594 694.500000
 595 695.500000
 596 696.500000
 597 697.500000
 598 698.500000
 599 699.500000
 600 700.500000
 601 701.500000
 602 702.500000
 603 703.500000
 604 704.500000
 605 705.500000
 606 706.500000
 607 707.500000
 608 708.500000
 609 709.500000
 610 710.500000
 611 711.500000
 612 712.500000
 613 713.500000
 614 714.500000
 615 715.500000
 616 716.500001
 617 717.500001
 618 718.500003
 619 719.500005
 620 720.500010
 621 721.500018
 622 722.500032
 623 723.500057
 624 724.500099
 625 725.000125
 626 726.000211
 627 727.000350
 628 728.000570
 629 729.000909
 630 730.001421
 631 731.002181
 632 732.003283
 633 733.004849
 634 734.007031
 635 735.010009
 636 736.013991
 637 737.019209
 638 738.025910
 639 739.034342
 640 740.044741
 641 741.057312
 642 742.072205
 643 743.089501
 644 744.109188
 645 745.131156
 646 746.155182
 647 747.180943
 648 748.208018
 649 749.235913
 650 750.264087
 651 751.291982
 652 752.319057
 653 753.344818
 654 754.368844
 655 755.390812
 656 756.410499
 657 757.427795
 658 758.442688
 659 759.455259
 660 760.465658
 661 761.474090
 662 762.480791
 663 763.486009
 664 764.489991
 665 765.492969
 666 766.495151
 667 767.496717
 668 768.497819
 669 769.498579
 670 770.499091
 671 771.499430
 672 772.499650
 673 773.499789
 674 774.499875
 675 775.499928
 676 776.499959
 677 777.499977
 678 778.499988
 679 779.499993
 680 780.499997
 681 781.499998
 682 782.499999
 683 783.500000
 684 784.500000
 685 785.500000
 686 786.500000
 687 787.500000
 688 788.500000
 689 789.500000
 690 790.500000
 691 791.500000
 692 792.500000
 693 793.500000
 694 794.500000
 695 795.500000
 696 796.500000
 697 797.500000
 698 798.500000
 699 799.500000
 700 800.500000
 701 801.500000
 702 802.500000
 703 803.500000
 704 804.500000
 705 805.500000
 706 806.499999
 707 807.499995
 708 808.499985
 709 809.499955
 710 810.499880
 711 811.499707
 712 812.499346
 713 813.498655
 714 814.497451
 715 815.495540
 716 816.492779
 717 817.489168
 718 818.484930
 719 819.480534
 720 820.476641
 721 821.473946
 722 822.472981
 723 823.473946
 724 824.476641
 725 825.480534
 726 826.484930
 727 827.489168
 728 828.492779
 729 829.495540
 730 830.497451
 731 831.498655
 732 832.499346
 733 833.499707
 734 834.499880
 735 835.499955
 736 836.499985
 737 837.499995
 738 838.499999
 739 839.500000
 740 840.500000
 741 841.500000
 742 842.500001
 743 843.500002
 744 844.500003
 745 845.500007
 746 846.500012
 747 847.500023
 748 848.500041
 749 849.500072
 750 850.000092
 751 851.000158
 752 852.000265
 753 853.000436
 754 854.000704
 755 855.001114
 756 856.001729
 757 857.002632
 758 858.003933
 759 859.005766
 760 860.008297
 761 861.011722
 762 862.016261
 763 863.022158
 764 864.029662
 765 865.039021
 766 866.050461
 767 867.064163
 768 868.080248
 769 869.098754
 770 870.119623
 771 871.142688
 772 872.167676
 773 873.194209
 774 874.221826
 775 875.250000
 776 876.278174
 777 877.305791
 778 878.332324
 779 879.357312
 780 880.380377
 781 881.401246
 782 882.419752
 783 883.435837
 784 884.449539
 785 885.460979
 786 886.470338
 787 887.477842
 788 888.483739
 789 889.488278
 790 890.491703
 791 891.494234
 792 892.496067
 793 893.497368
 794 894.498271
 795 895.498886
 796 896.499296
 797 897.499564
 798 898.499735
 799 899.499842
 800 900.499908
 801 901.499947
 802 902.499971
 803 903.499984
 804 904.499991
 805 905.499995
 806 906.499998
 807 907.499999
 808 908.499999
 809 909.500000
 810 910.500000
 811 911.500000
 812 912.500000
 813 913.500000
 814 914.500000
 815 915.500000
 816 916.500000
 817 917.500000
 818 918.500000
 819 919.500000
 820 920.500000
 821 921.500000
 822 922.500000
 823 923.500000
 824 924.499999
 825 925.499996
 826 926.499987
 827 927.499966
 828 928.499917
 829 929.499808
 830 930.499588
 831 931.499177
 832 932.498461
 833 933.497307
 834 934.495584
 835 935.493206
 836 936.490187
 837 937.486682
 838 938.483008
 839 939.479609
 840 940.476978
 841 941.475538
 842 942.475533
 843 943.476950
 844 944.479513
 845 945.482719
 846 946.485920
 847 947.488408
 848 948.489512
 849 949.488724
 850 950.485875
 851 951.481312
 852 952.475975
 853 953.471231
 854 954.468465
 855 955.468574
 856 956.471609
 857 957.476786
 858 958.482847
 859 959.488566
 860 960.493140
 861 961.496306
 862 962.498221
 863 963.499238
 864 964.499710
 865 965.499902
 866 966.499969
 867 967.499988
 868 968.499988
 869 969.499979
 870 970.499960
 871 971.499925
 872 972.499861
 873 973.499748
 874 974.499551
 875 974.999426
 876 975.999003
 877 976.998303
 878 977.997163
 879 978.995345
 880 979.992503
 881 980.988141
 882 981.981576
 883 982.971878
 884 983.957815
 885 984.937797
 886 985.909814
 887 986.871395
 888 987.819575
 889 988.750892
 890 989.661410
 891 990.546787
 892 991.402376
 893 992.223375
 894 993.004998
 895 993.742687
 896 994.432323
 897 995.070437
 898 995.654402
 899 996.182576
 900 996.654402
 901 997.070437
 902 997.432323
 903 997.742687
 904 998.004998
 905 998.223375
 906 998.402376
 907 998.546787
 908 998.661410
 909 998.750892
 910 998.819575
 911 998.871395
 912 998.909814
 913 998.937797
 914 998.957815
 915 998.971878
 916 998.981576
 917 998.988141
 918 998.992503
 919 998.995345
 920 998.997163
 921 998.998303
 922 998.999003
 923 998.999426
 924 998.999676
 925 998.999820
 926 998.999902
 927 998.999948
 928 998.999973
 929 998.999986
 930 998.999993
 931 998.999997
 932 998.999998
 933 998.999999
 934 999.000000
 935 999.000000
 936 999.000000
 937 999.000000
 938 999.000000
 939 999.000000
 940 999.000000
 941 999.000000
 942 999.000000
 943 999.000000
 944 999.000000
 945 999.000000
 946 999.000000
 947 999.000000
 948 999.000000
 949 999.000000
 950 999.000000
 951 999.000000
 952 999.000000
 953 999.000000
 954 999.000000
 955 999.000000
 956 999.000000
 957 999.000000
 958 999.000000
 959 999.000000
 960 999.000000
 961 999.000000
 962 999.000000
 963 999.000000
 964 999.000000
 965 999.000000
 966 999.000000
 967 999.000000
 968 999.000000
 969 999.000000
 970 999.000000
 971 999.000000
 972 999.000000
 973 999.000000
 974 999.000000
 975 999.000000
 976 999.000000
 977 999.000000
 978 999.000000
 979 999.000000
 980 999.000000
 981 999.000000
 982 999.000000
 983 999.000000
 984 999.000000
 985 999.000000
 986 999.000000
 987 999.000000
 988 999.000000
 989 999.000000
 990 999.000000
 991 999.000000
 992 999.000000
 993 999.000000
 994 999.000000
 995 999.000000
 996 999.000000
 997 999.000000
 998 999.000000
 999 999.000000
